1.42278422705845
1.72560777283641
1.79198311642879
1.85085284345237
1.89874724509191
1.94965354685331
2.0021624759461
2.04779618640299
2.09503274622972
2.13106566615856
2.17113221968168
2.2094174567809
2.24816166655498
2.29052225729579
2.32885167537486
2.36642656588369
2.40222276446378
2.44124289334245
2.48415046369965
2.52585575372557
2.56905375972166
2.59942036551039
2.63418337376751
2.66706295981781
2.69570720216288
2.72430850970125
2.75278444085281
2.77885418780066
2.80478088603916
2.82706421480828
2.85652097182879
2.88022191130567
2.90173460529435
2.92351021097223
2.94428527381721
2.96457288890282
2.9818180430598
2.99913826554067
3.0146041253787
3.03209503272048
3.04408638634482
3.05936641580203
3.07172319589566
3.08278263725585
3.09399378742759
3.10231418988794
3.10984041685832
3.11851016462976
3.12484694865829
3.13030473908532
3.13448152244248
3.13746030281564
3.13979867382084
3.14135515272333
3.14154155275811
3.14051415551063
3.13886112626078
3.13599516816341
3.13161917574711
3.12614654147318
3.12076827017124
3.11376285676983
3.10407334877641
3.09322400159044
3.08344187993489
3.06979462815167
3.05763856294086
3.04415833013896
3.03217119899542
3.01424370955212
2.99498698748329
2.97793044201201
2.96258448832945
2.93942710127421
2.91432479835489
2.89457175596299
2.87212442989549
2.84940844454782
2.82650585439701
2.80136587047688
2.77605399441643
2.74989197351693
2.71580877814352
2.69019446037569
2.66638644787895
2.63690653299275
2.60661908609001
2.57102795590286
2.53347991087363
2.50058372778124
2.46497530203939
2.43150996543944
2.39734193938282
2.36248109819126
2.32165355251572
2.2842613769162
2.2450711659509
2.19730844317817
2.15653899899798
2.11623206378299
2.07645607215492
2.03607999917416
1.98295687189432
1.94001323928222
1.8952229593696
1.84854878911712
1.81152326623757
1.75201506958352
1.70347574969273
1.6596915497796
1.60871441374895
1.56805817702371
1.49951832136435
1.43702995487456
1.38933233665621
1.33554873764194
1.27984864253486
1.23667014979788
1.18012359226649
1.12312830695847
1.0730909102321
1.02274339770141
0.96761811079215
0.9211763109663
0.8579042427254
0.79577352013071
0.73788977350906
0.69047058154586
0.63673400531406
0.58280243426964
0.53178890651746
0.4728675854982
0.41066113355568
0.35921605972208
0.3014195997535
0.24978377111284
0.18396894396098
0.12435149526199
0.07254126311402
0.01599897394888
-0.04211915909146
-0.10336282022086
-0.15986107640733
-0.21474044347332
-0.26642390651039
-0.32272265766641
-0.37579800277409
-0.43032078931468
-0.49247020739584
-0.55133008332959
-0.60999093509067
-0.65614763784522
-0.72815905349917
-0.78760964654319
-0.83919480593548
-0.90408567047726
-0.95958860859259
-1.00881473084076
-1.060723844268
-1.11524565303903
-1.16209252525097
-1.22023137296292
-1.26926655233746
-1.31936064795428
-1.3747031517389
-1.43511510071295
-1.48518353895541
-1.54298742025804
-1.58657311213456
-1.64048277516102
-1.68711619546226
-1.7332329496146
-1.77622854555175
-1.82386013044045
-1.86328777323813
-1.90476701489881
-1.95065685179996
-1.99102286164325
-2.03922362101815
-2.07837604334329
-2.11928280419197
-2.15839944952579
-2.20249976696451
-2.24356463680266
-2.2784614974396
-2.32443407930006
-2.35898778025953
-2.40000916467915
-2.43809055506443
-2.4723871928122
-2.5115995339434
-2.54239481149402
-2.57429994230288
-2.60366001744354
-2.63402474659549
-2.66607854737788
-2.69636415426899
-2.72572695684792
-2.75340087924807
-2.77871839571831
-2.80394166648162
-2.82898969085032
-2.85048538265338
-2.8718884862434
-2.8967828904186
-2.92051862006088
-2.94088225360476
-2.95871204718607
-2.97974162246653
-2.9943362685417
-3.01006225317758
-3.02449386379411
-3.03730084315565
-3.0527473382393
-3.06560534502889
-3.07651942282492
-3.08717965437381
-3.09768306944089
-3.10589737419656
-3.11533182178303
-3.12229735109378
-3.12760837700388
-3.13255056260814
-3.13605400306087
-3.13933792766779
-3.14106149655489
-3.14159263422917
-3.14098855710822
-3.13948744557258
-3.13707904401604
-3.13354083483703
-3.12926696599549
-3.12375602841862
-3.11723302121487
-3.11014501148165
-3.09963840217452
-3.08935704681792
-3.07983390621214
-3.06510866306772
-3.05332354283413
-3.03792443218501
-3.02131019226812
-3.00623764314867
-2.98981434418434
-2.97349080657721
-2.95635775446411
-2.93786376621553
-2.91735660974578
-2.89833431317119
-2.87731027211223
-2.85741642819291
-2.83209443091517
-2.80575007830428
-2.78277937507811
-2.7560861216022
-2.72381602911612
-2.69519937181945
-2.6640457538468
-2.63706474862497
-2.60590454388891
-2.56848460670999
-2.53365202343673
-2.50266019791493
-2.46418171251902
-2.43069942447927
-2.39549871421366
-2.35748908090958
-2.32290749000859
-2.28553920656419
-2.2419762187059
-2.20647931230047
-2.17155294761412
-2.13264704750265
-2.08608719734808
-2.04108217884213
-2.00140052442644
-1.96240088677747
-1.92662326649817
-1.87156895620045
-1.83351094871752
-1.79117099821369
-1.73788884079289
-1.69579417163141
-1.64390542057991
-1.59680581584507
-1.55058353018767
-1.50391313668213
-1.45541624080002
-1.40787804422162
-1.3599329806873
-1.30445405982248
-1.25280202570378
-1.20219547975815
-1.1453723470398
-1.09547813326558
-1.04378590149558
-0.99624430735893
-0.92745958361067
-0.86875634811817
-0.82034187036354
-0.75495646707597
-0.70147678202445
-0.64778227519095
-0.58463188960501
-0.53362382060923
-0.4855745579338
-0.4187349183547
-0.35326260401479
-0.30639960144285
-0.23754546610856
-0.18112324745286
-0.12778140269911
-0.07283226503054
-0.00843613116936
0.03711608866793
0.09993194515247
0.16427649797857
0.21758420052461
0.26926404039789
0.34273867887004
0.40356505397439
0.45180588657209
0.52008760325702
0.58348786855064
0.63280198095549
0.68961866725915
0.74772508825413
0.80859774175162
0.8600861553409
0.90982264225166
0.96379766826973
1.0174604322745
1.07227015082758
1.1223127346795
1.17203097796242
1.22430433743573
1.27761622760126
1.32622045456517
1.38573030966596
1.43904671391999
1.49184363793827
1.53588727432375
1.59715585737012
1.65494639459371
1.69877985792704
1.75259403589127
1.79795111553717
1.841485168449
1.88574362208319
1.93190291567963
1.97129184490117
2.02342425851406
2.07108033481291
2.11326305406626
2.15018443246344
2.18768299607664
2.2389577820378
2.28042307584889
2.31788684907883
2.35879553277841
2.39576167474384
2.43195161088454
2.4722075941591
2.50385492128154
2.53574821226111
2.56781398790496
2.59909339058421
2.62957684122627
2.66342847132454
2.69136525697271
2.71536970751598
2.74413322046444
2.77195758060408
2.80310146207247
2.83022811602259
2.85627860983305
2.88124303811749
2.90211334191898
2.9238719892801
2.94133208885398
2.96541891598965
2.98360808790183
3.0017589458437
3.01576393901902
3.0307050767883
3.0462602787992
3.06065717704355
3.07389029727424
3.0829728817241
3.09604951466324
3.10514132861093
3.11385542261157
3.12048638630979
3.12713283917897
3.13264732590036
3.13594294237838
3.13932688811302
3.14113968468281
3.14159102456519
3.14102451643795
3.13949808644593
3.13709462816332
3.13310640110605
3.12801126655172
3.12294221545027
3.11548183791977
3.10654170873204
3.09865675810556
3.08855108766289
3.07833276348565
3.06551645975722
3.05116073847038
3.03759814532994
3.02353226211846
3.00357281106884
2.98650998322574
2.96847955227378
2.95110662845288
2.93123821940908
2.91160147772809
2.89112330348484
2.86852997928006
2.84500727645561
2.82125420589169
2.79376909289624
2.7681981990241
2.73870667575987
2.70817379228091
2.68071478211147
2.65248106402781
2.62088542643639
2.59017192270333
2.55410004549086
2.51700656231441
2.48468493484283
2.44574089536431
2.40480813783695
2.36700082708457
2.32943768427268
2.29111982402877
2.25424892993562
2.21449931922055
2.17289802847044
2.12593131728786
2.08982570810471
2.04726713543233
2.00646364521843
1.95648930915613
1.90943702202035
1.86927871645707
1.8235291524057
1.77848385827998
1.72764958375079
1.67615839128386
1.63477388785268
1.57128381049933
1.51794029947745
1.47373927008012
1.41515468492188
1.35877926554126
1.30471885558915
1.26170591797045
1.20536615543164
1.15441397786646
1.10310827004308
1.05294481734802
0.99652035949978
0.93973616862393
0.89316003281818
0.83123162272719
0.77047681987299
0.71247392843984
0.66649945547081
0.59880188718652
0.53545854727188
0.47965358049479
0.41279551985502
0.35823388932798
0.3066892922654
0.2487982519572
0.20179614361381
0.13434994283793
0.07155288647939
0.01658112579573
-0.04467834777568
-0.10121100572227
-0.15614203676982
-0.20945797562228
-0.26897403052741
-0.32995513857947
-0.37522001671864
-0.44529897839272
-0.50430264591223
-0.55539573604443
-0.61250145591534
-0.66479262972473
-0.7153622414979
-0.77335180647669
-0.83409146036976
-0.89299159829468
-0.93806951014321
-1.00082174021042
-1.06461061102892
-1.11910591016848
-1.16884543312585
-1.21824716788824
-1.26585935865047
-1.32310785519395
-1.37841577686997
-1.42060477187918
-1.48328601124018
-1.53426280352607
-1.58064380440838
-1.62656801023253
-1.67468100191066
-1.71830831167953
-1.76276825948081
-1.81442091300901
-1.86408365868214
-1.9117913872314
-1.95143172690642
-2.00269997021155
-2.0530850552866
-2.08969453058454
-2.14309049128463
-2.18747408114279
-2.22548940540603
-2.26938908876718
-2.31131744943207
-2.34715386328601
-2.39048477836717
-2.42279225228622
-2.45545964852836
-2.4884176970916
-2.52065661025981
-2.55308272808575
-2.58561952043813
-2.61905488401366
-2.65154479721886
-2.67651917458503
-2.71364170402619
-2.74704549292983
-2.77182058371621
-2.79655710720819
-2.8191003927614
-2.84559872741857
-2.87228911258909
-2.89777246053238
-2.92088278255897
-2.94178143604474
-2.96167329354918
-2.9830245641478
-2.99981280234659
-3.01568237132022
-3.03062841113723
-3.04270077137635
-3.06023674039281
-3.07415428507802
-3.08411941554732
-3.09356901830481
-3.10217641600487
-3.11038254977751
-3.11878382041607
-3.12571714325502
-3.13023065936306
-3.13563902896705
-3.13881236837278
-3.14052477919453
-3.14147717185326
-3.14143790037164
-3.14027846490231
-3.1378333486076
-3.13391520867968
-3.12959430153191
-3.12398438915187
-3.11671698626799
-3.10955939074621
-3.10274416697233
-3.09227375166226
-3.07870397862535
-3.06762699898677
-3.05639171164658
-3.04281692852263
-3.02825629933212
-3.01226886863297
-2.99334918875969
-2.97670524213306
-2.96130485233461
-2.93806994533893
-2.9140642379335
-2.89552083940343
-2.86608131882231
-2.84379707262897
-2.81999902465816
-2.79605390904801
-2.77056055956492
-2.74268803994996
-2.71624763894174
-2.68820971158455
-2.6568367044547
-2.62191156871154
-2.59565768228007
-2.55426952165867
-2.51529974358696
-2.48293955322845
-2.44986181062036
-2.41607607500007
-2.38159211021004
-2.34328374435642
-2.30843981491867
-2.27296742699965
-2.23577300882164
-2.19231384443568
-2.13998414797992
-2.09940825082601
-2.05343833060224
-2.01513547321851
-1.97142863386834
-1.9320414509269
-1.89466658432023
-1.83908138809551
-1.7942289596334
-1.75013175850369
-1.69760613371299
-1.65108847875685
-1.59324751473682
-1.54699009646167
-1.49752465126166
-1.45732388170011
-1.40277922496347
-1.360457746047
-1.31212388023069
-1.26484883747003
-1.21288378422113
-1.16490353122588
-1.11220019647227
-1.03840702240976
-0.98337967734016
-0.93701578517968
-0.87384319551572
-0.80573139626071
-0.75552155427592
-0.70510602621454
-0.64220269640593
-0.58829018359798
-0.53110140297991
-0.48149354351883
-0.4302064795637
-0.36632461057094
-0.31010538498496
-0.25378568796701
-0.19895143476278
-0.14719446978511
-0.07969558546178
-0.02001373989363
0.03339257102963
0.08364879525032
0.14329920483643
0.19035616007485
0.24520106676131
0.30153446432469
0.36401175649617
0.42478713117964
0.48384899156989
0.52880613551046
0.59834367525112
0.65836579331101
0.71813757571065
0.76697815723536
0.820172281599
0.88065706344374
0.93629240933354
0.99309769077767
1.04213847475265
1.09972894415546
1.16128118028723
1.21218466339587
1.25696109060978
1.30857983408014
1.35552497679187
1.40350658838084
1.4496892205033
1.49961972376322
1.55043073506388
1.59530151468652
1.64375570716862
1.69167733718102
1.73512439309359
1.77939383705839
1.82442805204672
1.86764069992346
1.91031361263673
1.95120360398842
2.00247569404208
2.04572120312743
2.08947717475452
2.13136430680235
2.18275057610061
2.22860783087599
2.26592627425553
2.30579311029409
2.34696037633906
2.38723523897951
2.41759901414693
2.4591929570507
2.49875066492028
2.53168926390843
2.56112632690066
2.5943451482987
2.62408799605985
2.65978126345397
2.69106491263615
2.71980613489405
2.74614165687642
2.77831087634934
2.80849230894926
2.82997538199997
2.85275551031873
2.87912858007725
2.90429173842299
2.9248072341926
2.94715638656381
2.96522665453516
2.98342574797962
3.00065823758046
3.01779327748278
3.03137806918742
3.04457457842734
3.05945877929111
3.0731192374354
3.08436282359349
3.09296926440779
3.10457354135997
3.11272564886694
3.11968446593617
3.12615796841675
3.13086422104488
3.13581314559962
3.13886593523306
3.14051717687492
3.14157153196753
3.14109312534116
3.13974124526721
3.13761401183559
3.13447376038443
3.13029496344227
3.12515753813294
3.11830568753706
3.10982404952958
3.10204793814062
3.09092996852117
3.07813521265753
3.06701083320704
3.0527888187339
3.03654163048358
3.02154939462543
3.00328284499397
2.98620305221351
2.96867008264993
2.95238148582354
2.92747571832011
2.90648345398877
2.88517144367329
2.86362223164893
2.8392315135582
2.81106937289361
2.78609340281193
2.76026421340084
2.73436350011449
2.70687566346804
2.67855886730571
2.64857733016237
2.61947333483017
2.58961232993578
2.5599138206022
2.52485274098697
2.48696192310168
2.45102693293179
2.41726571626607
2.37665301794753
2.33928833036619
2.30116573382968
2.26338720675893
2.22491553504601
2.18689050526207
2.14708705453276
2.10895562889993
2.06788603952676
2.02498248701624
1.98385981014333
1.939693508193
1.89740360056815
1.84949008621289
1.79962161787977
1.75167765726637
1.70049347627278
1.64999961288298
1.60971438824324
1.54997682101314
1.49501821043656
1.4422533025026
1.39178492857707
1.34228599628445
1.2880793661191
1.23918397095786
1.18702234622881
1.13301119385937
1.07713683118135
1.02681378345715
0.9552677159673
0.89672949578224
0.83179302065661
0.78169570967118
0.72068768123575
0.65939138733686
0.60708119897361
0.55923332209845
0.49729724989189
0.43360655702656
0.38065051990179
0.3244598473503
0.27598852294706
0.21334857170334
0.15689893798209
0.0941182977965
0.03601212965779
-0.01739406786575
-0.07236562714648
-0.12731502501948
-0.18692968182014
-0.24177872011282
-0.29186203680627
-0.34343206358193
-0.38867446111242
-0.44627761119185
-0.49287165498528
-0.55791467070473
-0.61347109043133
-0.66115273869843
-0.72702639070672
-0.78952361714558
-0.84866468974828
-0.90447494457911
-0.96296650053064
-1.01663421900435
-1.06406287887572
-1.13615597163019
-1.19014405535512
-1.23506448554862
-1.28399047615728
-1.34107434161279
-1.3990284126993
-1.44664300538724
-1.49936394063385
-1.54470946996719
-1.58827939527216
-1.64082941887519
-1.69672344360882
-1.74403800495211
-1.78820540063916
-1.83695682203618
-1.88001494128563
-1.92377183374702
-1.97550127322145
-2.01914827155635
-2.05858367679094
-2.09862781369494
-2.14840187623679
-2.19043668706224
-2.2239692922852
-2.27441152649737
-2.31835765150222
-2.35614181931951
-2.39925768856045
-2.43834687888873
-2.46875710612766
-2.50332740801468
-2.53523260495048
-2.56640513730872
-2.60388745541887
-2.63424625445484
-2.66296526934885
-2.69415190255463
-2.71808648665857
-2.74523685627297
-2.77302436689794
-2.79915003134855
-2.82299168560444
-2.84601751491126
-2.86950119250266
-2.89205517680981
-2.9136721605391
-2.9343451399769
-2.94976718049254
-2.97130554311181
-2.98918804555893
-3.00472970059626
-3.02031929766847
-3.03417096233925
-3.04947586096109
-3.06292412301354
-3.07435787788598
-3.08579087172222
-3.09696275895357
-3.10642872871507
-3.11373951946266
-3.12020261385844
-3.1259730853235
-3.13084017232373
-3.13469885595969
-3.13830407342742
-3.14046791129846
-3.1414854930515
-3.14148599040168
-3.1404695237447
-3.13858784896504
-3.13570340002251
-3.13148447111025
-3.12675138047363
-3.12002628703274
-3.11374752876189
-3.10549417584463
-3.09483770774925
-3.0840200057523
-3.07274464073237
-3.06328643760346
-3.04986753301729
-3.03540484103814
-3.0155360645948
-3.00058987807283
-2.98629345124762
-2.96463102416726
-2.94653193888953
-2.92758132638937
-2.90599746899411
-2.88341906233096
-2.86180110038829
-2.84002798938408
-2.81609054115297
-2.7920111538938
-2.7671248948436
-2.74220576982275
-2.71179394514708
-2.68035099349822
-2.65294889004563
-2.62136681260963
-2.59155420636849
-2.55826038845167
-2.52502593842232
-2.49001592619475
-2.45022620618469
-2.41945678808798
-2.3819717285655
-2.33738467837924
-2.29601036481115
-2.26140945031505
-2.22290215963694
-2.18484311888159
-2.14615267367142
-2.10684200527582
-2.06810516083145
-2.02280231225294
-1.9804296060532
-1.93621365032774
-1.8938778824316
-1.84464304481976
-1.80757678697273
-1.75061518643974
-1.70469843408035
-1.65959356954847
-1.61266124817845
-1.56114744913626
-1.51457790101813
-1.46757065042809
-1.41733628617596
-1.36098246469028
-1.31407975310423
-1.25386967513759
-1.20907273163505
-1.16106672953277
-1.10098406325442
-1.04043872462699
-0.9898976628488
-0.92707121577652
-0.87440236630092
-0.82146573793466
-0.76675434452838
-0.71026449337597
-0.66121167399377
-0.59965909436643
-0.53477118408548
-0.47741169688226
-0.42922713509109
-0.37938020030291
-0.31068469622718
-0.2559315478146
-0.19326152802613
-0.14463779907639
-0.07556661764832
-0.0127420183742
0.05165826788306
0.10661799055783
0.16311376028202
0.21798969960709
0.2743637101522
0.33221085986073
0.38214985778184
0.43665816470811
0.4879295224601
0.54216277194745
0.59314519494477
0.6439661378264
0.70380014700751
0.76945988906492
0.81506018472859
0.87104689187353
0.92373323510274
0.97762961751915
1.03714224255853
1.09034958930612
1.13881307676283
1.20004375579531
1.25930631705559
1.31090623173986
1.35783345244474
1.41421813066633
1.47281284071227
1.53350072395163
1.59073813081651
1.63253622645186
1.6805830780805
1.73463905134662
1.79054834647213
1.84181447791661
1.89610335164993
1.93593693832931
1.97405322526416
2.02493639570557
2.06784065508773
2.10658135162346
2.15391365628465
2.19247914686043
2.22819747583752
2.26443448133761
2.31072592285429
2.35282925382712
2.38787779657065
2.42223625925064
2.45491484117634
2.48884342929153
2.52668507091573
2.56442377013527
2.5922432986063
2.63323127157842
2.66613958745803
2.69319375739138
2.72734492459465
2.75269977898092
2.78315656859905
2.81034074063732
2.83244619324768
2.860358347641
2.88265543417544
2.90406973001306
2.92631237108129
2.94695471071345
2.96555309689094
2.9837353409958
3.00141523643731
3.0180679268114
3.03122516944835
3.04826924897579
3.0614554024552
3.0726714651313
3.08395302757158
3.09341679681426
3.10327108944635
3.11135641016667
3.11998516760443
3.12641032627936
3.1308160967253
3.13548768541269
3.13903526677834
3.14080788028291
3.14155567034058
3.14134138352758
3.1399694100483
3.13748420089095
3.13440708753857
3.12883603577577
3.1234077761429
3.11702299729011
3.10901022208908
3.10139199540708
3.08990516388229
3.07918962156206
3.06747644874092
3.05513579687215
3.04225180294115
3.02723214163212
3.01207071339966
2.99551381773052
2.97798640178891
2.95843862544959
2.94170043326314
2.91556194328814
2.89464003662209
2.87092134690807
2.84815810669479
2.81969151219086
2.79214458489284
2.76949043944002
2.73619511560881
2.70557573803587
2.67639832283337
2.64635377798716
2.6180595046157
2.58905248071485
2.55386334465856
2.51582283855239
2.4844361722066
2.44054785046273
2.40555717325474
2.36982981296349
2.332324640035
2.29728077731778
2.26379089448165
2.22310783919454
2.17827071512588
2.13602025968665
2.09655064219096
2.04934096255113
2.01218866878131
1.96966198891828
1.92777264838893
1.88532619498153
1.84106232418163
1.79623464243408
1.75085687786609
1.70494292706336
1.6518313303814
1.60346537493172
1.56140003901187
1.51207990548449
1.4539217005735
1.40215503440536
1.35132671827028
1.30577792662702
1.24693163080914
1.19628143723619
1.13648354741817
1.08358345828612
1.02439457925211
0.96180569603229
0.90932311992886
0.86411580134696
0.80961127966126
0.75484445100335
0.70442624851191
0.65074313923561
0.59686074495889
0.53970094982858
0.47925186507329
0.4264031765736
0.36407163593294
0.30003089259086
0.24369513558951
0.1966875830979
0.12609658628647
0.06015334674279
0.00989152414981
-0.05607892664475
-0.11731567912012
-0.16909748332857
-0.23649953349985
-0.28971832353248
-0.34285338698606
-0.40367949476156
-0.45969095908123
-0.51090440736037
-0.57588216651636
-0.62983751872499
-0.68513306073638
-0.73715311035367
-0.78743957325274
-0.84356578160093
-0.89488713360992
-0.95493298199208
-1.00864835072883
-1.066470680099
-1.11654979107791
-1.16192930202314
-1.22441061026893
-1.28345913694196
-1.33770597538008
-1.39006142660908
-1.44194114288341
-1.49056264406111
-1.54420251815435
-1.58506546960799
-1.63631207670053
-1.68166415331867
-1.7278423412675
-1.77349139100358
-1.8160347137391
-1.86567487568196
-1.91211391948664
-1.95666987848961
-1.99574341980258
-2.03669903730711
-2.07588730847545
-2.11567189602585
-2.16055357595781
-2.20461373142505
-2.24563975560016
-2.28266207293104
-2.3190247168102
-2.3650859121322
-2.40697677015499
-2.43500494842978
-2.47711709732685
-2.51714466573568
-2.54689773563451
-2.58406499383867
-2.61927934360157
-2.65092016407469
-2.67919587292294
-2.70669731281117
-2.73727939035687
-2.76458545595617
-2.78955222275141
-2.81789225063572
-2.84042474796418
-2.86283119251923
-2.89059872908069
-2.91462828210447
-2.93357543280777
-2.95333402477875
-2.97315212356383
-2.98997455395659
-3.0054759165122
-3.02188303693048
-3.03805734872984
-3.05009009106147
-3.06659391401928
-3.07900434511072
-3.0905855819108
-3.10099166078187
-3.10910170154943
-3.11690633583696
-3.12313771957955
-3.12917396709607
-3.13423680914904
-3.13743633548226
-3.13988791797676
-3.14126490448023
-3.14159264882117
-3.1411085757033
-3.1394360708888
-3.13648065207703
-3.13214937317107
-3.12829090129749
-3.12118098845325
-3.1134064837031
-3.10581888475375
-3.09733372576326
-3.08591135605011
-3.07513432276613
-3.06376341253951
-3.05113324810858
-3.0383689151693
-3.02435266685871
-3.00946240167693
-2.99465347511595
-2.97657526157499
-2.96064407722404
-2.94345296096018
-2.92206020290139
-2.90322677018673
-2.88177689074801
-2.85618249948528
-2.82876270673449
-2.80441457741395
-2.7784748757329
-2.74707474204728
-2.71998197343768
-2.69124619802281
-2.66247260829836
-2.63288365714665
-2.59896373830892
-2.563147636858
-2.52723972121596
-2.4970584810754
-2.45647675969589
-2.41782337807735
-2.38542047500913
-2.34614957572146
-2.30922939634506
-2.27160203351422
-2.23438350136357
-2.19651924793238
-2.15687839519579
-2.11657701530814
-2.0720877313127
-2.0316470065719
-1.98210043395494
-1.93419745711698
-1.89058089340397
-1.84257066144056
-1.80033731575829
-1.7432657691746
-1.68402467363547
-1.63601654198414
-1.58883365641304
-1.53979521369348
-1.49164052185237
-1.43325321898636
-1.38129227667158
-1.33454935251116
-1.28601010703573
-1.23421082996049
-1.18346690546407
-1.13821912573766
-1.08238218326309
-1.02466974541163
-0.96955641125181
-0.92162254684784
-0.87194377878683
-0.82960540351017
-0.765795567531
-0.70930141958635
-0.66331624893089
-0.61101986088068
-0.55236269607318
-0.4981594603098
-0.44535865519019
-0.38931196249609
-0.33313913613181
-0.2799876062106
-0.22205481065208
-0.17032030011912
-0.10755097314936
-0.05730333213569
0.00395454556666
0.05735843454615
0.11231555346456
0.16566968670909
0.22210978436537
0.27847792039452
0.32850775346351
0.38624908469093
0.43919260915141
0.49200921000463
0.54468362362055
0.60028463634151
0.65415487761139
0.71088524964094
0.76127793470439
0.82208082080492
0.87803127588513
0.94117740927889
0.9994420616501
1.04252192699684
1.10305182287142
1.1631181774514
1.21690552023151
1.25877295343083
1.32036252135143
1.37851947211629
1.42770824453162
1.48477221266098
1.53710414533936
1.58345767139017
1.62801036554427
1.68141828023605
1.72234792178693
1.77454754677778
1.82986992389049
1.87679681543897
1.92059620778272
1.96380743254857
2.00883366780004
2.05317239933721
2.0909532959723
2.12935411634525
2.16944856255672
2.21111146094838
2.24982606384035
2.28785167508418
2.32623266831353
2.36799373986277
2.40678969896672
2.43878666212372
2.47403659112898
2.50848495392136
2.54396518579532
2.58032044374894
2.61651334026238
2.64738637744926
2.67740168460892
2.70495313105701
2.73559318888487
2.75770314980133
2.78507002886304
2.81008049647152
2.83693525805424
2.8633579614376
2.89109971462691
2.91569086464222
2.93347126259679
2.95802637871302
2.97809664603516
2.99467013228633
3.01439074913895
3.03230769157421
3.04583283186978
3.05739752221546
3.07222224975961
3.08354178318374
3.09413466238292
3.10439511407122
3.11127578206362
3.12046605111583
3.12800566639524
3.13263407277383
3.13611933831394
3.13894767662741
3.14082982117487
3.14151485678652
3.14136787519325
3.14022924503081
3.13775043132835
3.13423303950404
3.13026049590042
3.12430289255914
3.11689944000756
3.1097663635349
3.10047778054797
3.09085723801161
3.07868100253082
3.06624035641135
3.05527137986255
3.04121874644046
3.02570295646707
3.01044565535805
2.99426642879576
2.97666834625277
2.95863444401847
2.94080107478487
2.92101213768768
2.89303239116314
2.87179492026742
2.84774076324024
2.82477746002519
2.80170880514791
2.7778774023535
2.75253292338786
2.72248223415428
2.69382406115345
2.66512511771474
2.63475480792823
2.60440963006678
2.57596726667035
2.53392796999598
2.50199267873805
2.46544506937604
2.43397728339257
2.39274971192149
2.35779757104903
2.32110578800502
2.28370318445444
2.2456012146523
2.20345510211923
2.16734606061728
2.1260606611046
2.08526156826487
2.04143698619393
1.99691374224123
1.95416789467267
1.909576527916
1.8656305344652
1.81214237710664
1.75264406833927
1.70806940686243
1.65232649389903
1.60396596849498
1.56054207685771
1.50432292491473
1.44886555568549
1.39423646556767
1.35327000740952
1.28627567622457
1.23592279005103
1.18664599124284
1.13409707870728
1.09002491066703
1.03533253860286
0.97282094051874
0.91889707313531
0.86618551052692
0.81624279569606
0.76303072412842
0.70805468802236
0.65745802764682
0.59743229131499
0.54336896195727
0.48758752898724
0.42853610901833
0.3708898497605
0.32249308348105
0.26149820311262
0.19726859732228
0.14551010701732
0.08586123117854
0.03874705163509
-0.03507866435185
-0.09789539651368
-0.14812179490456
-0.21241719238225
-0.27349379652501
-0.32665602686297
-0.3781645286649
-0.43112606632107
-0.48396301154471
-0.5397552420016
-0.59074493634237
-0.64772328500544
-0.70907154230597
-0.76861321731685
-0.81876726746775
-0.87171707887509
-0.93190332169125
-0.98276949654239
-1.03483491905517
-1.08658343146194
-1.1511646785564
-1.20359087869249
-1.25130607826929
-1.30725656092837
-1.36129447564451
-1.40501495401772
-1.45257793153435
-1.50799590682755
-1.56553521595323
-1.6250735931719
-1.67187341269889
-1.71684595980472
-1.76911865079384
-1.80914434228739
-1.85381176628773
-1.90416429950893
-1.95375519239885
-1.99529378691484
-2.04580877999439
-2.08839012657908
-2.12914009034001
-2.17150938258775
-2.20867164064784
-2.24852616352205
-2.29087940237741
-2.33341361225948
-2.3678024452452
-2.40962895841732
-2.44453401158302
-2.4777250321449
-2.51397307942981
-2.54931360973467
-2.57836078115666
-2.6111232971371
-2.63959031334282
-2.67230608207785
-2.70560374790421
-2.73235465486129
-2.75756370500167
-2.79216984534637
-2.81902285525494
-2.84285581180614
-2.86452960833795
-2.88542355437698
-2.90672528417927
-2.93167670982266
-2.95313547707895
-2.97041615675621
-2.99075907783532
-3.00939467900591
-3.02471364827872
-3.03830891556066
-3.0540473565971
-3.06612557226264
-3.07857601205518
-3.08877398836455
-3.09859884648646
-3.10741978568837
-3.11420894973781
-3.12203880189048
-3.12753686020532
-3.13237315364008
-3.13600893078279
-3.13899991789885
-3.1410763399398
-3.14159146522558
-3.14114563150842
-3.13909604613706
-3.13660268603144
-3.13290879345605
-3.12790852601028
-3.12282190092309
-3.11472815356777
-3.10684457394533
-3.09847466214736
-3.08777139615668
-3.0784259267207
-3.0652747791211
-3.05014661840489
-3.03691452132429
-3.02151779782008
-3.00827457778097
-2.98762771917696
-2.97017101408366
-2.94964804477295
-2.92970810603829
-2.90941197910078
-2.88822486748369
-2.86550971203373
-2.83850933095936
-2.81311885009869
-2.78821457236192
-2.76245642570415
-2.73739518293821
-2.70522114037062
-2.67849856531083
-2.64851526705041
-2.61940962689463
-2.58151655599409
-2.55162561190698
-2.51540499806742
-2.4830471836452
-2.45193709116783
-2.4071284070631
-2.37040298886348
-2.33501249037667
-2.29787633621047
-2.26221750894998
-2.22594280694553
-2.1834218817921
-2.14700281229481
-2.09837018304661
-2.0476211552915
-2.01044614322921
-1.96666963289257
-1.92598106706335
-1.87847874472637
-1.82390921596888
-1.78016310580978
-1.73459310218095
-1.68451609896915
-1.64053418843758
-1.5825561132606
-1.52933801969173
-1.48938749160383
-1.44494108426831
-1.38604563810585
-1.32938609293511
-1.27793721705906
-1.22607430070395
-1.16652532824405
-1.10648614068305
-1.05486430271464
-0.99249307733333
-0.93568407887138
-0.89059525646828
-0.82562106882311
-0.77397446607857
-0.72057536104651
-0.65774265920597
-0.60234369427813
-0.53437063492978
-0.48011486536746
-0.42882446624637
-0.37741732231304
-0.32434506708187
-0.26491880655971
-0.22106863571675
-0.15050801934096
-0.09400295238911
-0.03589674007373
0.01908023290241
0.06619934000091
0.12272167495201
0.18547684128632
0.24659190030812
0.30135959226255
0.35603499519716
0.41371580396705
0.46504199173818
0.51624157469944
0.57656788927238
0.63205965329526
0.68428081376435
0.73935794232287
0.80482906056647
0.85180013295122
0.90759354510429
0.96008552870276
1.01377038471178
1.06712678798454
1.11573352142256
1.16987013686907
1.21636878802543
1.27405283116553
1.33549417066472
1.39209528498679
1.43837301094167
1.49117665026756
1.53796628821886
1.58431146461714
1.63288349767781
1.67959924542939
1.72580062903925
1.76887810363877
1.82300597256109
1.86623606043431
1.91017413830176
1.95598661585892
2.00112967608945
2.04439543335679
2.0869988243879
2.13238903225697
2.17356841486406
2.22072005150924
2.25817411072691
2.30033186703851
2.33847074091948
2.37995814407956
2.42049359571436
2.45810575768731
2.49004952989591
2.53065477592386
2.56284284683576
2.59424606715617
2.6248548198943
2.66052344511272
2.69016332522089
2.71971820286396
2.74834228349967
2.77234007179541
2.79777481309802
2.8257935079154
2.84872114401938
2.8714631193652
2.89393738920598
2.91488853137985
2.93662457318917
2.95464084089943
2.97337739229051
2.99163048771004
3.00750104643822
3.02335773350977
3.03783489542573
3.05361034422454
3.06434071503445
3.07725910699394
3.08957826005181
3.09932473636134
3.10667986202873
3.11600286530423
3.12287225047467
3.12853016028956
3.13305914660731
3.13680362599735
3.13958833755587
3.14122865127076
3.14157578383522
3.14100895114868
3.13891670753821
3.13569633535585
3.13233778280913
3.12749321138707
3.12074173217462
3.11310249780727
3.10547673045987
3.09668925720757
3.08695344707298
3.07595324628194
3.06326083141068
3.05059203633073
3.03456357099548
3.02073600701187
3.00699727936875
2.99013626834127
2.97026583845276
2.94866572916062
2.92981318137572
2.90892891170905
2.88648249035295
2.86369447797502
2.84132041086919
2.81673536986779
2.78834868311058
2.7603481015677
2.72979749862291
2.70136803903524
2.67206335983423
2.64104262439415
2.6108666009184
2.57630046622315
2.54352348577703
2.51463811820686
2.47260395987387
2.43930230768251
2.39719277444265
2.35402611803939
2.31726009929716
2.27437350830583
2.23830645820331
2.20387001957061
2.16207606785002
2.11954216669953
2.07274401880579
2.03111489495225
1.9852137065536
1.9385958775662
1.8887687716095
1.83945979375365
1.79847790899082
1.74268541620173
1.69270910947587
1.65014911134335
1.60041323384454
1.56104730743688
1.49931551049711
1.44380463952511
1.39757243751321
1.34670380942505
1.29539886108347
1.24223158943986
1.19445289036573
1.13756893354228
1.0832019161847
1.03736497821723
0.96291404166502
0.89840317776419
0.84709911704197
0.79555025057077
0.73613846124607
0.67491272852748
0.63035385732851
0.56867782564088
0.51762277586059
0.45399600850573
0.39485391860249
0.35118312763675
0.2792928183259
0.22292585749916
0.16805523883117
0.11627265242092
0.05817642414393
0.00791425881657
-0.04863245801671
-0.10202353428975
-0.15695398077196
-0.21183636132427
-0.27760810762172
-0.33544940916643
-0.38382347450264
-0.45387670268297
-0.51440491779326
-0.56701431693489
-0.63331314975115
-0.69166014370137
-0.75890651124691
-0.81365453279289
-0.86813893738801
-0.91933846529115
-0.97475322558269
-1.02538122376091
-1.07571289390211
-1.128666099712
-1.18270900762409
-1.23201362421745
-1.28096219744822
-1.32954058151947
-1.37773473761626
-1.42832957228668
-1.47707547652157
-1.52536903793615
-1.57998882491729
-1.62726346254148
-1.67403976344845
-1.71767382461442
-1.75953917012515
-1.79966679086638
-1.84063523618835
-1.88113248894208
-1.91866150387458
-1.96680259521294
-2.01660576354547
-2.06674476394136
-2.11132388418096
-2.15285394239301
-2.19031074724538
-2.23159818996519
-2.26560294271688
-2.31186797847136
-2.34665006731748
-2.38693178772197
-2.42230974353333
-2.45792448392709
-2.49082960782722
-2.52395053263685
-2.55629851732225
-2.58786365556591
-2.61863628079095
-2.64776187694229
-2.67529915772672
-2.70690363465933
-2.73670781816376
-2.76029053001288
-2.79118239692559
-2.81945907496558
-2.84059838997255
-2.86105526487952
-2.88394872204929
-2.90531051131823
-2.92578257195005
-2.94426424533826
-2.96920167307207
-2.99297722149959
-3.01057759852929
-3.02709118974063
-3.04251203390655
-3.05464634595989
-3.06837748149235
-3.08063435333733
-3.09093982559778
-3.10205665444617
-3.11049675249977
-3.11734826873549
-3.1228405076718
-3.12836000066302
-3.13326781454558
-3.13652348233498
-3.1393466616643
-3.14084511495385
-3.14158423158738
-3.14110141403451
-3.13970315397896
-3.13609206922983
-3.13211785418469
-3.12737184555143
-3.12149108351512
-3.11500837545572
-3.10739470020937
-3.09779004143703
-3.08816748237044
-3.07537233136703
-3.06086757492642
-3.04953257492983
-3.033416342223
-3.01821422186538
-3.00157087316264
-2.98340848101072
-2.96676189459589
-2.94876614952563
-2.92536016687655
-2.90486928167796
-2.8816150069821
-2.85535846601778
-2.82926900900215
-2.80635263930139
-2.78340100823845
-2.76198546398997
-2.72994155683267
-2.69991171356761
-2.66641832728839
-2.63094629971359
-2.60401946784532
-2.56563502736384
-2.52699824191965
-2.49776484318128
-2.46111246148229
-2.42656738120816
-2.39127918363879
-2.35629789548488
-2.32169416644379
-2.28538085304612
-2.24950387163189
-2.20855038039971
-2.1713861610556
-2.12785935697131
-2.09178100558395
-2.0516336828789
-2.0121000472025
-1.97079560498106
-1.93016122071262
-1.8877460085502
-1.84224142279336
-1.79227170372687
-1.73900498071761
-1.68898279161079
-1.6503967964779
-1.58712757762441
-1.53533132137093
-1.48851694491661
-1.43428921071241
-1.37245553686113
-1.31994366513889
-1.26554250675648
-1.20488420573067
-1.1612299719557
-1.10703097813661
-1.04208648359647
-0.98111543548973
-0.93773910649965
-0.88211187587307
-0.82921334826973
-0.77758289829272
-0.72267075026977
-0.6675244632456
-0.60599793706339
-0.55660100992214
-0.48845016812986
-0.4309571701436
-0.37175696811747
-0.31867397541098
-0.2639336781351
-0.21067983972421
-0.15893392102008
-0.10400491546438
-0.04590282540593
0.00750260911169
0.06090587542748
0.11586128251477
0.16921271307211
0.23191533441816
0.28514061261195
0.35233498403903
0.40690926702983
0.46135893723787
0.51411776430752
0.58525801693186
0.64533156406879
0.69290840270644
0.74947478373257
0.79971006233378
0.86181877299088
0.91605551207609
0.96551222475232
1.022135928261
1.06657922395573
1.11959353451452
1.1751592147598
1.22596329000798
1.27639192358033
1.32500558670342
1.373236332434
1.42387132580097
1.4795906654436
1.52236723615513
1.58516510094726
1.6377512525478
1.68176162447326
1.73187232984194
1.78265149251568
1.82892337509939
1.87460270250882
1.9171868594622
1.95676015919637
2.00068086598545
2.04276023336715
2.08656365035451
2.12965296129978
2.16974254027224
2.21028420027847
2.24681861987439
2.28597638967506
2.32016191647394
2.36412769317111
2.40604120761429
2.44201023391404
2.47331884949345
2.51250662261241
2.55063855180054
2.58323700667103
2.61238394256698
2.64336920401708
2.67349803696903
2.70436079297324
2.73114765210319
2.76090137499297
2.78743482613261
2.81863732044421
2.845819828946
2.86738894290036
2.89125874252975
2.91290961167829
2.93249120300688
2.95122532478798
2.9691065629908
2.98807583543341
3.00228996641883
